************ MATRIZ 20x20 ************

Ingreso la siguiente matriz: 

  1    5    2    4    2    8    9    3    4    2    7    2    68    2    8    5    2    2    0    5  
  2    82    58    2    85    2    9    2    58    2    9    2    9    2    9    8    4    5    8    5  
  8    7    9    2    0    3    6    9    1    20    7    45    6    8    9    5    2    1    4    7  
  8    5    2    3    6    9    0    0    0    0    0    0    0    0    0    0    0    0    0    0  
  1    1    1    1    1    1    1    5    5    5    5    5    5    5    5    5    5    5    5    5  
  7    7    7    7    8    8    8    8    9    9    9    1    1    1    2    2    3    3    3    6  
  6    6    4    5    5    5    5    9    9    9    9    2    2    2    3    3    3    3    3    3  
  3    3    3    3    3    4    4    4    4    4    4    4    88    8    8    8    85    6    8    6  
  5    69    6    58    5    58    9    258    2    2    8    8    4    7    9    2    8    9    6    89  
  9    2    9    9    4    7    25    9    6    2    5    2    0    1    2    0    2    8    9    2  
  0    4    22    0    7    4    8    5    6    2    3    1    4    4    4    4    4    4    4    4  
  4    4    4    4    4    7    7    7    7    7    7    7    7    7    7    7    7    7    7    7  
  7    8    8    8    8    8    9    9    9    9    5    5    5    5    5    5    5    5    5    5  
  5    5    5    5    1    1    1    1    1    3    3    3    3    3    3    6    6    6    6    6  
  6    6    6    0    0    0    0    5    5    5    5    5    8    8    8    8    8    4    4    4  
  4    2    2    2    2    2    1    1    1    1    1    14    4    4    4    4    6    6    6    6  
  62    2    2    2    2    3    3    3    3    3    3    3    3    3    1    1    1    2    2    2  
  0    0    0    0    0    0    8    8    8    8    8    7    7    7    7    4    4    4    4    5  
  5    5    6    6    6    2    2    20    0    0    9    2    0    4    0    7    8    0    90    5  
  9    3    4    5    0    1    20    3    8    9    7    8    9    9    5    0    7    8    0    5  

Matriz Ordenada: 
  258    90    89    88    85    85    82    69    68    62    58    58    58    58    45    25    22    20    20    20  
  14    9    9    9    9    9    9    9    9    9    9    9    9    9    9    9    9    9    9    9  
  9    9    9    9    9    9    9    9    9    9    9    9    9    9    8    8    8    8    8    8  
  8    8    8    8    8    8    8    8    8    8    8    8    8    8    8    8    8    8    8    8  
  8    8    8    8    8    8    8    8    8    8    8    8    8    7    7    7    7    7    7    7  
  7    7    7    7    7    7    7    7    7    7    7    7    7    7    7    7    7    7    7    7  
  7    7    7    7    7    7    7    6    6    6    6    6    6    6    6    6    6    6    6    6  
  6    6    6    6    6    6    6    6    6    6    6    6    6    6    5    5    5    5    5    5  
  5    5    5    5    5    5    5    5    5    5    5    5    5    5    5    5    5    5    5    5  
  5    5    5    5    5    5    5    5    5    5    5    5    5    5    5    5    5    5    5    5  
  5    5    5    5    5    5    5    5    4    4    4    4    4    4    4    4    4    4    4    4  
  4    4    4    4    4    4    4    4    4    4    4    4    4    4    4    4    4    4    4    4  
  4    4    4    4    4    4    4    4    4    4    4    3    3    3    3    3    3    3    3    3  
  3    3    3    3    3    3    3    3    3    3    3    3    3    3    3    3    3    3    3    3  
  3    3    3    3    3    3    2    2    2    2    2    2    2    2    2    2    2    2    2    2  
  2    2    2    2    2    2    2    2    2    2    2    2    2    2    2    2    2    2    2    2  
  2    2    2    2    2    2    2    2    2    2    2    2    2    1    1    1    1    1    1    1  
  1    1    1    1    1    1    1    1    1    1    1    1    1    1    1    1    1    1    1    1  
  1    1    0    0    0    0    0    0    0    0    0    0    0    0    0    0    0    0    0    0  
  0    0    0    0    0    0    0    0    0    0    0    0    0    0    0    0    0    0    0    0  
